36284 16750 2928 11635 1886 19406 10306 8778 8992 10036
25567 53779 24514 32843 55756 40953 56553 26799 5312 11469
16441 4350 36177 5671 6992 3119 17316 5662 4459 6599
32437 2220 2075 1731 290 732 443 591 221 1327
6990 6543 1579 2289 6905 1794 1223 1724 328 769
6521 4075 8833 3095 1192 1618 5032 2109 793 430
4208 2256 1575 1923 1642 508 216 899 1076 334
3398 1868 472 546 830 427 1522 46 173 160
8731 2107 1061 2258 2019 1777 1515 353 398 294
18791 1339 453 1682 2922 1001 1016 346 97 227
15168 32517 50370 44352 63650 13610 9192 10810 38282 11067
2371 6588 471 7756 867 1466 4514 2021 548 4754
7149 3932 3669 344 646 1576 1388 291 217 1334
21480 2732 1406 5107 409 6168 5240 288 1731 2831
11435 25393 6371 1236 2005 678 662 83 145 275
6703 3390 2782 155 792 1422 2193 1091 1600 135